255 255 238 238 255 255 238 238 255 255 238 238 255 255 238 238
255 255 238 238 255 255 238 238 255 255 238 238 255 255 238 238
238 238 255 255 238 238 255 255 238 238 255 255 238 238 255 255
238 238 255 255 238 238 255   0   0 238 255 255 238 238 255 255
255 255 238 238 255 255 238 248 250 255 238 238 255 255 238 238
255 255 238 238 255 255 246 255 255 250 238 238 255 255 238 238
238 238   0   0   0   0   0 255 255   0   0   0   0   0 255 255
238 238 255   0 255 255 255 255 255 255 255 255   0 238 255 255
255 255 238 238   0 255 255 255 255 255 255   0 255 255 238 238
255 255 238 238 255   0 255 255 255 255   0 238 255 255 238 238
238 238 255 255 238  69 255 255 255 255  11 255 238 238 255 255
238 238 255 255 238 255 255   0   0 255 255 255 238 238 255 255
255 255 238 238 124 255   0 238 255   0 255 188 255 255 238 238
255 255 238 238   0 255 238 238 255 255 239   0 255 255 238 238
238 238 255 255 238 238 255 255 238 238 255 255 238 238 255 255
238 238 255 255 238 238 255 255 238 238 255 255 238 238 255 255
255 255 238 238 255 255 238 238 255 255 238 238 255 255 238 238
255 255 238 238 255 255 238 238 255 255 238 238 255 255 238 238
238 238 255 255 238 238 255 255 238 238 255 255 238 238 255 255
238 238 255 255 238 238 255   0   0 238 255 255 238 238 255 255
255 255 238 238 255 255 238 248 250 255 238 238 255 255 238 238
255 255 238 238 255 255 246 255 255 250 238 238 255 255 238 238
238 238   0   0   0   0   0 255 255   0   0   0   0   0 255 255
238 238 255   0 255 255 255 255 255 255 255 255   0 238 255 255
255 255 238 238   0 255 255 255 255 255 255   0 255 255 238 238
255 255 238 238 255   0 255 255 255 255   0 238 255 255 238 238
238 238 255 255 238  69 255 255 255 255  11 255 238 238 255 255
238 238 255 255 238 255 255   0   0 255 255 255 238 238 255 255
255 255 238 238 124 255   0 238 255   0 255 188 255 255 238 238
255 255 238 238   0 255 238 238 255 255 239   0 255 255 238 238
238 238 255 255 238 238 255 255 238 238 255 255 238 238 255 255
238 238 255 255 238 238 255 255 238 238 255 255 238 238 255 255
255 255 238 238 255 255 238 238 255 255 238 238 255 255 238 238
255 255 238 238 255 255 238 238 255 255 238 238 255 255 238 238
238 238 255 255 238 238 255 255 238 238 255 255 238 238 255 255
238 238 255 255 238 238 255   0   0 238 255 255 238 238 255 255
255 255 238 238 255 255 238 248 250 255 238 238 255 255 238 238
255 255 238 238 255 255 246 255 255 250 238 238 255 255 238 238
238 238   0   0   0   0   0 255 255   0   0   0   0   0 255 255
238 238 255   0 255 255 255 255 255 255 255 255   0 238 255 255
255 255 238 238   0 255 255 255 255 255 255   0 255 255 238 238
255 255 238 238 255   0 255 255 255 255   0 238 255 255 238 238
238 238 255 255 238  69 255 255 255 255  11 255 238 238 255 255
238 238 255 255 238 255 255   0   0 255 255 255 238 238 255 255
255 255 238 238 124 255   0 238 255   0 255 188 255 255 238 238
255 255 238 238   0 255 238 238 255 255 239   0 255 255 238 238
238 238 255 255 238 238 255 255 238 238 255 255 238 238 255 255
238 238 255 255 238 238 255 255 238 238 255 255 238 238 255 255

238 238 255 255 238 238 255 255 238 238 255 255 238 238 255 255
238 238 255 255 238 238 255 255 238 238 255 255 238 238 255 255
255 255 238 238 255 255   0 238 255 255 238 238 255 255 238 238
255 255 238 238 255 255   0   0 255 255 238 238 255 255 238 238
238 238 255 255 238 238   0 255   0 238 255 255 188   0 255 255
238 238 255 255 238 238   0 255 255   0  11 255 255 239 255 255
255 255 238 238 255 250   0 255 255 255 255 255   0 255 238 238
255 255 238   0 250 255 255 255 255 255 255   0 255 255 238 238
238 238 255   0 248 255 255 255 255 255 255   0 238 238 255 255
238 238 255 255 238 246   0 255 255 255 255 255   0 238 255 255
255 255 238 238 255 255   0 255 255   0  69 255 255 255 238 238
255 255 238 238 255 255   0 255   0 255 238 238 124   0 238 238
238 238 255 255 238 238   0   0 238 238 255 255 238 238 255 255
238 238 255 255 238 238   0 255 238 238 255 255 238 238 255 255
255 255 238 238 255 255 238 238 255 255 238 238 255 255 238 238
255 255 238 238 255 255 238 238 255 255 238 238 255 255 238 238
238 238 255 255 238 238 255 255 238 238 255 255 238 238 255 255
238 238 255 255 238 238 255 255 238 238 255 255 238 238 255 255
255 255 238 238 255 255   0 238 255 255 238 238 255 255 238 238
255 255 238 238 255 255   0   0 255 255 238 238 255 255 238 238
238 238 255 255 238 238   0 255   0 238 255 255 188   0 255 255
238 238 255 255 238 238   0 255 255   0  11 255 255 239 255 255
255 255 238 238 255 250   0 255 255 255 255 255   0 255 238 238
255 255 238   0 250 255 255 255 255 255 255   0 255 255 238 238
238 238 255   0 248 255 255 255 255 255 255   0 238 238 255 255
238 238 255 255 238 246   0 255 255 255 255 255   0 238 255 255
255 255 238 238 255 255   0 255 255   0  69 255 255 255 238 238
255 255 238 238 255 255   0 255   0 255 238 238 124   0 238 238
238 238 255 255 238 238   0   0 238 238 255 255 238 238 255 255
238 238 255 255 238 238   0 255 238 238 255 255 238 238 255 255
255 255 238 238 255 255 238 238 255 255 238 238 255 255 238 238
255 255 238 238 255 255 238 238 255 255 238 238 255 255 238 238
238 238 255 255 238 238 255 255 238 238 255 255 238 238 255 255
238 238 255 255 238 238 255 255 238 238 255 255 238 238 255 255
255 255 238 238 255 255   0 238 255 255 238 238 255 255 238 238
255 255 238 238 255 255   0   0 255 255 238 238 255 255 238 238
238 238 255 255 238 238   0 255   0 238 255 255 188   0 255 255
238 238 255 255 238 238   0 255 255   0  11 255 255 239 255 255
255 255 238 238 255 250   0 255 255 255 255 255   0 255 238 238
255 255 238   0 250 255 255 255 255 255 255   0 255 255 238 238
238 238 255   0 248 255 255 255 255 255 255   0 238 238 255 255
238 238 255 255 238 246   0 255 255 255 255 255   0 238 255 255
255 255 238 238 255 255   0 255 255   0  69 255 255 255 238 238
255 255 238 238 255 255   0 255   0 255 238 238 124   0 238 238
238 238 255 255 238 238   0   0 238 238 255 255 238 238 255 255
238 238 255 255 238 238   0 255 238 238 255 255 238 238 255 255
255 255 238 238 255 255 238 238 255 255 238 238 255 255 238 238
255 255 238 238 255 255 238 238 255 255 238 238 255 255 238 238

246 246 244 244 246 246 245 245 246 247 245 245 247 247 244 245
246 247 244 243 226 246 245 244 246 247 245 226 247 247 244 244
244 244 248 249  68 173 246 248 243 241 180  77 242 241 246 247
244 243 249 251  90 194  75 247 241  70 191 106 242 241 247 248
246 245 245 245 202 181 235 127 129 238 179 196 246 246 245 245
246 246 244 244 245 130 255 254 254 255 118 245 246 247 244 245
245 245 248 249 223 131 255 255 255 255 122 225 243 243 246 247
245 244 248 227  91 246 255 255 255 255 245  91 225 243 246 247
246 246 206 116 251 255 255 255 255 255 255 250 108 227 244 244
247 219  98 107  99  91 111 255 255 103  90  96 105  94 223 244
245 245 246 246 245 245 164 247 246 174 246 245 245 244 246 246
245 245 246 246 245 245 209 148 139 216 245 245 245 245 246 246
247 247 242 242 246 246 243  69  63 249 245 245 250 249 243 244
247 247 241 241 246 247 243 182 202 249 244 245 249 250 244 243
244 244 246 247 245 244 246 242 242 244 246 246 243 244 247 246
245 244 247 248 245 245 247 247 244 244 246 246 244 243 246 247
246 246 244 244 246 246 245 245 246 247 245 245 247 247 244 245
246 247 244 243 226 246 245 244 246 247 245 226 247 247 244 244
244 244 248 249  68 173 246 248 243 241 180  77 242 241 246 247
244 243 249 251  90 194  75 247 241  70 191 106 242 241 247 248
246 245 245 245 202 181 235 127 129 238 179 196 246 246 245 245
246 246 244 244 245 130 255 254 254 255 118 245 246 247 244 245
245 245 248 249 223 131 255 255 255 255 122 225 243 243 246 247
245 244 248 227  91 246 255 255 255 255 245  91 225 243 246 247
246 246 206 116 251 255 255 255 255 255 255 250 108 227 244 244
247 219  98 107  99  91 111 255 255 103  90  96 105  94 223 244
245 245 246 246 245 245 164 247 246 174 246 245 245 244 246 246
245 245 246 246 245 245 209 148 139 216 245 245 245 245 246 246
247 247 242 242 246 246 243  69  63 249 245 245 250 249 243 244
247 247 241 241 246 247 243 182 202 249 244 245 249 250 244 243
244 244 246 247 245 244 246 242 242 244 246 246 243 244 247 246
245 244 247 248 245 245 247 247 244 244 246 246 244 243 246 247
246 246 244 244 246 246 245 245 246 247 245 245 247 247 244 245
246 247 244 243 226 246 245 244 246 247 245 226 247 247 244 244
244 244 248 249  68 173 246 248 243 241 180  77 242 241 246 247
244 243 249 251  90 194  75 247 241  70 191 106 242 241 247 248
246 245 245 245 202 181 235 127 129 238 179 196 246 246 245 245
246 246 244 244 245 130 255 254 254 255 118 245 246 247 244 245
245 245 248 249 223 131 255 255 255 255 122 225 243 243 246 247
245 244 248 227  91 246 255 255 255 255 245  91 225 243 246 247
246 246 206 116 251 255 255 255 255 255 255 250 108 227 244 244
247 219  98 107  99  91 111 255 255 103  90  96 105  94 223 244
245 245 246 246 245 245 164 247 246 174 246 245 245 244 246 246
245 245 246 246 245 245 209 148 139 216 245 245 245 245 246 246
247 247 242 242 246 246 243  69  63 249 245 245 250 249 243 244
247 247 241 241 246 247 243 182 202 249 244 245 249 250 244 243
244 244 246 247 245 244 246 242 242 244 246 246 243 244 247 246
245 244 247 248 245 245 247 247 244 244 246 246 244 243 246 247

245 245 247 248 245 245 247 247 245 245 246 246 245 244 247 247
245 245 247 248 245 245 247 247 245 221 246 246 244 244 247 247
247 247 242 242 246 247 243 243 223  91 244 245 250 249 244 244
248 248 242 242 247 247 243 229 110 108 245 245 251 250 244 245
245 229  70  99 192 245 227  87 249 100 245 245 245 245 246 246
245 245 188 185 185 125 126 245 255  95 246 245 245 244 246 246
247 247 243  80 235 255 255 255 255 113 168 213 249 249 245 245
247 247 243 242 125 255 255 255 255 255 247 146  66 193 242 245
245 245 249 247 126 255 255 255 255 255 248 148  64 186 244 247
245 245 248  77 236 255 255 255 255 112 168 212 243 243 247 247
246 246 174 190 179 124 128 246 255  96 245 245 247 247 245 245
246 228  74  97 203 245 227  88 250 104 245 246 247 246 245 245
245 244 250 251 245 245 250 233 114 110 247 247 242 242 248 248
244 244 249 250 245 244 249 249 213  95 247 246 242 242 247 247
247 247 244 244 246 246 245 245 247 223 245 245 248 247 245 245
247 247 244 245 246 246 245 245 247 247 245 245 248 247 245 245
245 245 247 248 245 245 247 247 245 245 246 246 245 244 247 247
245 245 247 248 245 245 247 247 245 221 246 246 244 244 247 247
247 247 242 242 246 247 243 243 223  91 244 245 250 249 244 244
248 248 242 242 247 247 243 229 110 108 245 245 251 250 244 245
245 229  70  99 192 245 227  87 249 100 245 245 245 245 246 246
245 245 188 185 185 125 126 245 255  95 246 245 245 244 246 246
247 247 243  80 235 255 255 255 255 113 168 213 249 249 245 245
247 247 243 242 125 255 255 255 255 255 247 146  66 193 242 245
245 245 249 247 126 255 255 255 255 255 248 148  64 186 244 247
245 245 248  77 236 255 255 255 255 112 168 212 243 243 247 247
246 246 174 190 179 124 128 246 255  96 245 245 247 247 245 245
246 228  74  97 203 245 227  88 250 104 245 246 247 246 245 245
245 244 250 251 245 245 250 233 114 110 247 247 242 242 248 248
244 244 249 250 245 244 249 249 213  95 247 246 242 242 247 247
247 247 244 244 246 246 245 245 247 223 245 245 248 247 245 245
247 247 244 245 246 246 245 245 247 247 245 245 248 247 245 245
245 245 247 248 245 245 247 247 245 245 246 246 245 244 247 247
245 245 247 248 245 245 247 247 245 221 246 246 244 244 247 247
247 247 242 242 246 247 243 243 223  91 244 245 250 249 244 244
248 248 242 242 247 247 243 229 110 108 245 245 251 250 244 245
245 229  70  99 192 245 227  87 249 100 245 245 245 245 246 246
245 245 188 185 185 125 126 245 255  95 246 245 245 244 246 246
247 247 243  80 235 255 255 255 255 113 168 213 249 249 245 245
247 247 243 242 125 255 255 255 255 255 247 146  66 193 242 245
245 245 249 247 126 255 255 255 255 255 248 148  64 186 244 247
245 245 248  77 236 255 255 255 255 112 168 212 243 243 247 247
246 246 174 190 179 124 128 246 255  96 245 245 247 247 245 245
246 228  74  97 203 245 227  88 250 104 245 246 247 246 245 245
245 244 250 251 245 245 250 233 114 110 247 247 242 242 248 248
244 244 249 250 245 244 249 249 213  95 247 246 242 242 247 247
247 247 244 244 246 246 245 245 247 223 245 245 248 247 245 245
247 247 244 245 246 246 245 245 247 247 245 245 248 247 245 245
